     Depth    # of puzzles    Avg solution cost        Avg time cost
        15               2                  734             0.000385
        16               1                 1442             0.000962
        17               1                 1625             0.001063
        18               4                 2586             0.003144
        19               1                 4486             0.006093
        20               6                 6377             0.013421
        21               7                10931             0.037370
        22               6                15434             0.086951
        23               4                25677             0.239220
        24               5                36808             0.502017
        25               4                60551             1.750693
        26               6                80964             3.335192
        27               2               128823            10.730586
        28               1               162907            19.436982
     Depth    # of puzzles    Avg solution cost        Avg time cost
        14               1                  348             0.000139
        15               2                  652             0.000422
        16               2                 1050             0.000587
        17               2                 1641             0.001256
        18               2                 2484             0.002877
        19               6                 4368             0.008462
        20               5                 6358             0.013643
        21               3                10579             0.042967
        22               9                15743             0.108907
        23               3                25962             0.264105
        24               3                38068             0.579669
        25               3                60760             1.929050
        26               4                85194             3.705626
        27               3               128865            11.938027
        28               2               162632            23.494330
     Depth    # of puzzles    Avg solution cost        Avg time cost
        10               1                   77             0.000267
        15               1                  705             0.000382
        16               2                  933             0.000664
        17               1                 1501             0.001482
        18               1                 2406             0.003297
        19               1                 4328             0.010094
        20               2                 6666             0.013954
        21               5                10940             0.066493
        22               7                16825             0.115037
        23               8                26017             0.272865
        24               7                36833             0.587189
        25               3                62244             1.858679
        26               4                79970             3.091356
        27               2               129370            13.148869
        28               5               167134            23.074482
     Depth    # of puzzles    Avg solution cost        Avg time cost
        11               1                  106             0.000084
        14               1                  362             0.000340
        16               2                  906             0.000725
        19               4                 4342             0.008542
        20               6                 6558             0.025060
        21               5                11245             0.085568
        22               7                15608             0.119885
        23               5                25897             0.288266
        24               7                36544             0.736132
        25               6                60670             2.012147
        26               3                80800             3.522127
        27               2               128768            13.343594
        28               1               163020            26.417333
     Depth    # of puzzles    Avg solution cost        Avg time cost
        14               1                  393             0.000170
        17               3                 1849             0.001983
        18               4                 2716             0.003267
        19               2                 4676             0.011990
        20               6                 6423             0.017407
        21               8                10838             0.069340
        22               2                14146             0.088485
        23               2                26789             0.278693
        24               6                38572             0.792252
        25               6                61049             1.722990
        26               5                79959             3.277026
        27               3               127812            12.136396
        28               1               164505            22.614460
        29               1               236569            50.857328
     Depth    # of puzzles    Avg solution cost        Avg time cost
        12               2                  184             0.000084
        14               1                  313             0.000144
        15               1                  666             0.000430
        16               1                  799             0.000451
        18               4                 2530             0.013210
        19               5                 4284             0.008400
        20               4                 5986             0.013097
        21               6                10934             0.086286
        22               6                16235             0.133811
        23               5                26636             0.276731
        24               5                38716             0.723960
        25               3                59583             1.980933
        26               6                83234             3.578300
        27               1               127657            12.155636
     Depth    # of puzzles    Avg solution cost        Avg time cost
         9               1                   57             0.000050
        10               1                   49             0.000033
        14               1                  424             0.000988
        15               1                  655             0.000705
        18               3                 2734             0.003159
        19               1                 4195             0.007974
        20               2                 7127             0.018948
        21               4                11109             0.070321
        22               6                15302             0.091135
        23               7                26502             0.316278
        24               4                38094             0.577787
        25               7                60901             1.774217
        26               6                83423             3.693722
        27               5               128233            11.153120
        28               1               163118            16.870539
     Depth    # of puzzles    Avg solution cost        Avg time cost
        16               1                 1321             0.001028
        17               2                 1707             0.001222
        18               2                 2328             0.005082
        19               4                 4295             0.020384
        20               7                 6535             0.017238
        21               6                11016             0.049131
        22               5                15041             0.097791
        23               7                25229             0.246573
        24               7                38527             0.716245
        25               6                61380             1.792017
        26               1                79254             2.949979
        27               2               128055            10.588645
     Depth    # of puzzles    Avg solution cost        Avg time cost
        11               1                  110             0.000056
        14               2                  413             0.000251
        15               2                  727             0.000452
        16               1                 1046             0.000727
        17               1                 1916             0.002199
        18               3                 2949             0.007743
        19               3                 4513             0.012383
        20               4                 6310             0.014221
        21               6                10954             0.048071
        22               8                15241             0.115225
        23               6                25632             0.261917
        24               2                36014             0.572249
        25               4                61382             1.706826
        26               4                79689             3.793601
        27               1               126212            11.658766
        28               2               164006            20.833021
     Depth    # of puzzles    Avg solution cost        Avg time cost
        14               1                  489             0.000223
        16               3                  916             0.000755
        17               3                 1686             0.001252
        18               3                 2701             0.004822
        19               2                 4256             0.008392
        20               3                 6743             0.016923
        21               7                10653             0.039516
        22               6                15088             0.094010
        23               5                26292             0.348848
        24               7                39510             0.672389
        25               3                61058             1.802066
        26               4                84992             4.056852
        27               2               128394            11.029353
        28               1               163735            19.678361
     Depth    # of puzzles    Avg solution cost        Avg time cost
        12               1                  174             0.000198
        13               2                  260             0.000167
        14               1                  411             0.000186
        15               1                  749             0.000352
        16               1                  850             0.000434
        18               1                 2860             0.002876
        19               5                 4382             0.008563
        20               6                 6529             0.017980
        21               5                10635             0.045489
        22               3                15336             0.085486
        23               4                25989             0.366869
        24               8                37354             0.599644
        25               6                60941             1.865096
        26               3                85404             4.106411
        28               3               161823            20.379802
     Depth    # of puzzles    Avg solution cost        Avg time cost
        13               1                  276             0.000114
        14               1                  445             0.000204
        15               1                  726             0.000590
        16               2                 1020             0.000813
        17               2                 1758             0.001501
        18               1                 2054             0.002048
        19               4                 4383             0.012163
        20               4                 6354             0.020568
        21               6                10938             0.073170
        22               7                15045             0.081355
        23               8                25984             0.304350
        24               3                37864             0.572533
        25               7                60229             1.725609
        26               3                80388             3.151846
     Depth    # of puzzles    Avg solution cost        Avg time cost
        16               3                  967             0.000710
        17               1                 1834             0.001483
        18               2                 3149             0.003656
        19               3                 4636             0.008069
        20               3                 5659             0.012907
        21               4                11232             0.048562
        22               9                15766             0.093622
        23               6                26482             0.290083
        24               6                39439             0.826224
        25               5                61279             1.855195
        26               7                84878             3.961908
        27               1               126791            11.573518
     Depth    # of puzzles    Avg solution cost        Avg time cost
        11               1                  102             0.000061
        14               1                  380             0.000206
        16               1                 1024             0.000559
        17               1                 1773             0.002066
        18               2                 2319             0.003534
        19               2                 4273             0.028515
        20               6                 6108             0.013026
        21               4                10447             0.040150
        22               9                16079             0.110054
        23               6                26038             0.343964
        24               5                38507             0.661452
        25               6                61285             1.771236
        26               1                78929             3.143038
        27               3               129321            12.749609
        28               2               162242            21.939783
     Depth    # of puzzles    Avg solution cost        Avg time cost
        10               1                  115             0.000048
        17               2                 1648             0.001265
        18               6                 2423             0.007704
        19               2                 4267             0.006897
        20               8                 5852             0.013492
        21               2                10778             0.036358
        22               5                15620             0.164980
        23               7                26606             0.362979
        24               4                34738             0.628385
        25               3                60723             1.960992
        26               7                84474             3.917699
        27               2               127440            14.779933
        28               1               162820            19.011121
     Depth    # of puzzles    Avg solution cost        Avg time cost
        16               5                 1020             0.000613
        17               4                 1569             0.002558
        18               3                 2519             0.003579
        19               3                 4011             0.005588
        20               5                 6238             0.014424
        21               8                11075             0.063593
        22               2                16398             0.204190
        23               7                26262             0.322014
        24               6                37065             0.595670
        25               1                61913             2.017472
        26               2                86857             3.674032
        27               2               129093            11.913228
        28               1               162408            19.887366
        29               1               239880            53.004995
     Depth    # of puzzles    Avg solution cost        Avg time cost
         9               1                   49             0.000024
        15               2                  660             0.000657
        16               2                  890             0.000513
        17               1                 1633             0.001150
        18               2                 2893             0.002973
        19               2                 4000             0.007006
        20               6                 6271             0.013747
        21               4                10316             0.043889
        22               5                16028             0.102029
        23               4                25889             0.397221
        24               8                37685             0.629580
        25               4                61113             1.859568
        26               5                80169             3.567408
        27               2               129682            11.777465
        28               1               162855            20.129265
        29               1               236435            57.215286
     Depth    # of puzzles    Avg solution cost        Avg time cost
        14               1                  353             0.000574
        16               3                 1187             0.001541
        18               3                 2510             0.003409
        19               6                 4604             0.014060
        20               7                 6309             0.016247
        21               2                10980             0.048173
        22               8                15665             0.088424
        23               6                26495             0.344628
        24               2                36973             0.711148
        25               6                61271             2.219938
        26               3                79860             3.896696
        27               1               124921            11.784521
        28               1               165255            21.073964
        30               1               286631            68.936265
     Depth    # of puzzles    Avg solution cost        Avg time cost
        10               1                   69             0.000032
        15               3                  684             0.000486
        16               2                 1214             0.002071
        17               2                 2002             0.001741
        18               2                 2285             0.002601
        20               4                 6766             0.018470
        21               7                10507             0.043133
        22               6                17102             0.166681
        23               7                26899             0.323224
        24               7                39553             0.845422
        25               2                63249             2.421911
        26               5                80870             4.604724
        27               2               129761            12.615195
     Depth    # of puzzles    Avg solution cost        Avg time cost
        -1              50                    1             0.000000
     Depth    # of puzzles    Avg solution cost        Avg time cost
        -1              50                    1             0.000000
     Depth    # of puzzles    Avg solution cost        Avg time cost
        -1              50                    1             0.000000
     Depth    # of puzzles    Avg solution cost        Avg time cost
        14               1                  424             0.001114
        15               1                  774             0.000510
        16               3                 1098             0.000831
        17               2                 2082             0.001915
        18               1                 2856             0.003293
        19               4                 4046             0.006560
        21               6                10389             0.035416
        22               3                15889             0.089090
        23               7                26914             0.314886
        24               6                36843             0.641004
        25               8                62031             2.445755
        26               5                85129             4.614596
        27               2               126870            12.286386
        28               1               194683            34.774541
     Depth    # of puzzles    Avg solution cost        Avg time cost
        17               1                 1719             0.002268
        19               5                 4381             0.008191
        20               5                 6918             0.034337
        21               7                10995             0.038272
        22               6                17243             0.099402
        23               6                26763             0.296167
        24               8                36629             0.561165
        25               3                59471             1.783351
        26               4                84409             4.271692
        27               1               130970            12.749552
        28               2               161092            19.874562
        15               2                  673             0.000423
     Depth    # of puzzles    Avg solution cost        Avg time cost
        15               1                  698             0.001235
        16               1                 1048             0.001207
        17               1                 1928             0.001395
        18               3                 2774             0.006017
        19               3                 4438             0.024804
        20               4                 6419             0.016262
        21               4                 9979             0.037998
        22               5                16894             0.121642
        23              11                26919             0.319762
        24               5                38413             0.672266
        25               8                61937             2.157170
        27               2               127820            11.258567
        28               1               161561            19.150731
        29               1               238379            51.410846
     Depth    # of puzzles    Avg solution cost        Avg time cost
        12               1                  182             0.000093
        16               1                 1109             0.002410
        17               1                 1482             0.002938
        18               1                 2465             0.002161
        19               4                 4216             0.006627
        20              10                 6590             0.016251
        21              10                10897             0.047892
        22               3                15388             0.092984
        23               4                27562             0.348152
        24               4                41247             0.844956
        25               4                60701             1.931292
        26               2                88415             5.189029
        27               1               131796            13.349873
        28               4               170059            24.971971
     Depth    # of puzzles    Avg solution cost        Avg time cost
        13               1                  374             0.000229
        14               1                  433             0.000634
        16               2                  987             0.001992
        17               3                 1789             0.001783
        18               1                 2478             0.007903
        19               1                 4283             0.005779
        20               6                 6134             0.014936
        21               4                10810             0.059481
        22              11                16359             0.100809
        23               4                27479             0.326520
        24               9                37818             0.717204
        25               5                62041             2.202168
        26               1                80533             3.827286
        27               1               133089            15.209754
     Depth    # of puzzles    Avg solution cost        Avg time cost
        12               1                  237             0.000142
        15               1                  779             0.013255
        16               1                 1227             0.000835
        17               1                 1629             0.001210
        18               2                 2331             0.002220
        19               4                 4561             0.006956
        20               4                 6530             0.013601
        21               6                11095             0.043123
        22               6                16204             0.094135
        23               6                26114             0.273871
        24               7                36660             0.716532
        25               5                61553             2.075032
        26               4                84572             4.330552
        27               1               127102            12.049779
        28               1               165644            21.789785
     Depth    # of puzzles    Avg solution cost        Avg time cost
        13               1              2218126             0.000196
        15               2              2530412             0.000457
        16               1              1876740             0.000486
        17               3              1935375             0.001754
        19               3              2369408             0.010744
        20               5              1870172             0.023565
        21               4              1736583             0.036100
        22               3              1371892             0.178185
        23              10              2058719             0.400448
        24               7              1582447             0.775639
        25               1               653269             1.942553
        26               7              1571630             4.520083
        27               2              1631133            14.307978
        28               1               287563            20.936284
     Depth    # of puzzles    Avg solution cost        Avg time cost
        12               1              1290503             0.000065
        15               2              1173306             0.000381
        17               2               508015             0.001593
        19               3              1130465             0.006065
        20               7              1027289             0.009090
        21               3              1169174             0.020939
        22               8              1279902             0.058484
        23               8               861916             0.190639
        24               9              1018791             0.435679
        25               3              1259277             1.586782
        26               1              1205397             2.488377
        27               1              1895386             5.774905
        28               1               261418             9.741015
        29               1               983774            16.603839
     Depth    # of puzzles    Avg solution cost        Avg time cost
        10               1              1478941             0.000045
        12               1              1394274             0.000107
        13               1               291702             0.000191
        14               1              1907946             0.000151
        15               1               583442             0.000351
        16               1              1899350             0.000631
        17               2               436745             0.001249
        18               3               660480             0.007918
        19               2              1181834             0.003664
        20               7               834969             0.012883
        21               4               361164             0.074208
        22               6               754020             0.057225
        23               6              1039937             0.218226
        24               6               823143             0.389490
        25               4               843744             1.317603
        27               1               211233             5.875834
        28               3              1501266             9.982265
     Depth    # of puzzles    Avg solution cost        Avg time cost
        17               1               287075             0.001038
        18               1              1295423             0.003093
        19               4              1617283             0.005288
        20               5              1634282             0.009707
        21               6              2126052             0.026852
        22               8              1403760             0.061361
        23               3              1820351             0.192624
        24               7              1224134             0.408879
        25               7              1600622             1.526316
        26               2              1871417             2.165421
        27               2              2077001             5.872746
        28               4              1041566            11.153365
     Depth    # of puzzles    Avg solution cost        Avg time cost
        15               1              1509685             0.000508
        16               3               695596             0.001184
        17               3              2178058             0.001622
        18               3              1248660             0.002750
        19               6              1722731             0.006559
        20               3               708499             0.016832
        21               2              1148783             0.048147
        22               5               883750             0.120701
        23               6              1097021             0.286131
        24               8              1624583             0.574303
        25               4              1414733             2.032278
        26               4               892639             5.664418
        27               1              1479819            11.058858
        28               1              2106180            15.974108
     Depth    # of puzzles    Avg solution cost        Avg time cost
        12               1              2177052             0.000120
        15               1              2356611             0.000268
        16               1              1671753             0.001164
        17               1              2176826             0.001376
        18               2               812788             0.001634
        19               1               825523             0.006040
        20               6              2031519             0.014023
        21               6              1774192             0.013483
        22               5              1126177             0.034046
        23               6              1518284             0.033707
        24              10              1421558             0.038836
        25               4              1718658             0.052405
        26               4              1530841             0.101415
        28               1              1998824             0.180905
        30               1              1624873             0.453484
